TRANSFORM
1
-0.894104 0.389015 0.221914 -0.328401 
0.438793 0.661703 0.607956 -0.475202 
0.0896625 0.64095 -0.762328 0.548635 
0 0 0 1 

TRANSFORM
1
-0.965689 0.244186 0.0884223 -0.223102 
0.243046 0.729789 0.639012 -0.505485 
0.091508 0.638578 -0.764097 0.550447 
0 0 0 1 

TRANSFORM
1
-0.995792 0.0785976 -0.0471099 -0.113634 
0.0296651 0.762925 0.645805 -0.516358 
0.0867001 0.641691 -0.762047 0.547304 
0 0 0 1 

TRANSFORM
1
-0.98068 -0.0842356 -0.17655 -0.00835028 
-0.177528 0.762295 0.622406 -0.502423 
0.0821542 0.641724 -0.762522 0.547214 
0 0 0 1 

TRANSFORM
0
-0.98068 -0.0842356 -0.17655 -0.00835028 
-0.177528 0.762295 0.622406 -0.502423 
0.0821542 0.641724 -0.762522 0.547214 
0 0 0 1 

TRANSFORM
1
-0.821227 -0.390372 -0.416169 0.189104 
-0.564361 0.663263 0.491506 -0.406593 
0.0841591 0.638508 -0.765 0.549424 
0 0 0 1 

TRANSFORM
1
-0.692147 -0.515003 -0.505672 0.264884 
-0.716747 0.572845 0.397646 -0.333426 
0.0848831 0.637668 -0.76562 0.550084 
0 0 0 1 

TRANSFORM
1
-0.529332 -0.622056 -0.576935 0.326283 
-0.844063 0.454901 0.283942 -0.244118 
0.0858205 0.637269 -0.765848 0.550559 
0 0 0 1 

TRANSFORM
1
-0.330266 -0.704493 -0.628183 0.372044 
-0.939545 0.309137 0.147274 -0.137685 
0.0904411 0.638846 -0.764 0.549656 
0 0 0 1 

TRANSFORM
1
-0.129065 -0.756947 -0.640605 0.38743 
-0.987975 0.153618 0.0175345 -0.0331244 
0.0851354 0.635164 -0.767671 0.551679 
0 0 0 1 

TRANSFORM
1
0.0736264 -0.775445 -0.627108 0.382063 
-0.993537 -0.00256241 -0.113479 0.0729682 
0.0863898 0.63141 -0.770622 0.553827 
0 0 0 1 

TRANSFORM
1
0.284493 -0.757613 -0.58744 0.354698 
-0.954533 -0.166932 -0.246984 0.18117 
0.0890554 0.630996 -0.770657 0.553978 
0 0 0 1 

TRANSFORM
1
0.469612 -0.709045 -0.526041 0.309266 
-0.879388 -0.322773 -0.349992 0.267819 
0.0783677 0.626955 -0.775104 0.557471 
0 0 0 1 

TRANSFORM
1
0.648558 -0.622319 -0.438282 0.242112 
-0.756315 -0.461979 -0.46321 0.361065 
0.0857871 0.631898 -0.770289 0.553915 
0 0 0 1 

TRANSFORM
1
0.793384 -0.515237 -0.324149 0.153671 
-0.601476 -0.581627 -0.547665 0.431788 
0.0936434 0.629477 -0.771356 0.554062 
0 0 0 1 

TRANSFORM
1
0.904852 -0.374795 -0.201922 0.0573353 
-0.415691 -0.675442 -0.609081 0.483784 
0.0918941 0.635065 -0.766973 0.551398 
0 0 0 1 

TRANSFORM
1
0.969062 -0.236687 -0.0699877 -0.0468297 
-0.225813 -0.735729 -0.638522 0.512508 
0.0996381 0.634572 -0.766414 0.550099 
0 0 0 1 

TRANSFORM
1
0.995 -0.0691412 0.0720725 -0.16071 
-0.00750695 -0.771363 -0.636352 0.515164 
0.0995922 0.632629 -0.768025 0.551389 
0 0 0 1 

TRANSFORM
1
0.976116 0.0984702 0.193651 -0.259406 
0.198607 -0.765729 -0.61173 0.500799 
0.0880471 0.63558 -0.766998 0.551797 
0 0 0 1 

TRANSFORM
1
0.912635 0.253833 0.320416 -0.362662 
0.39732 -0.735094 -0.54934 0.455785 
0.0960952 0.628654 -0.771725 0.555285 
0 0 0 1 

TRANSFORM
1
0.810104 0.395103 0.433158 -0.454999 
0.57805 -0.661673 -0.477543 0.402043 
0.0979307 0.637247 -0.764412 0.548829 
0 0 0 1 

TRANSFORM
0
0.810104 0.395103 0.433158 -0.454999 
0.57805 -0.661673 -0.477543 0.402043 
0.0979307 0.637247 -0.764412 0.548829 
0 0 0 1 

TRANSFORM
1
0.506479 0.637543 0.580532 -0.582042 
0.857424 -0.443545 -0.260946 0.235226 
0.0911274 0.629926 -0.771291 0.55595 
0 0 0 1 

TRANSFORM
0
0.506479 0.637543 0.580532 -0.582042 
0.857424 -0.443545 -0.260946 0.235226 
0.0911274 0.629926 -0.771291 0.55595 
0 0 0 1 

TRANSFORM
1
0.103866 0.760904 0.640497 -0.640109 
0.990319 -0.138746 0.00423384 0.0253278 
0.0920879 0.633857 -0.767949 0.553072 
0 0 0 1 

TRANSFORM
1
-0.10134 0.773842 0.625219 -0.632883 
0.990111 0.017169 0.139234 -0.0826736 
0.097011 0.633146 -0.767929 0.553102 
0 0 0 1 

TRANSFORM
0
-0.10134 0.773842 0.625219 -0.632883 
0.990111 0.017169 0.139234 -0.0826736 
0.097011 0.633146 -0.767929 0.553102 
0 0 0 1 

TRANSFORM
1
-0.495977 0.69972 0.514197 -0.553056 
0.863224 0.333152 0.379282 -0.279102 
0.0940851 0.631982 -0.769251 0.554367 
0 0 0 1 

TRANSFORM
1
-0.669034 0.614345 0.418298 -0.48165 
0.736748 0.474014 0.482195 -0.366278 
0.097955 0.630786 -0.769749 0.555474 
0 0 0 1 

TRANSFORM
1
-0.804123 0.501038 0.319917 -0.405199 
0.586922 0.583705 0.56108 -0.432106 
0.0943852 0.638944 -0.763441 0.549047 
0 0 0 1 

TRANSFORM
1
-0.91308 0.361623 0.188449 -0.30208 
0.396433 0.678942 0.617963 -0.484528 
0.0955233 0.638958 -0.763288 0.549263 
0 0 0 1 

TRANSFORM
1
-0.973785 0.220131 0.0573113 -0.19824 
0.20467 0.737972 0.643046 -0.509727 
0.0992602 0.637918 -0.76368 0.550538 
0 0 0 1 

TRANSFORM
1
-0.995938 0.0530623 -0.0727471 -0.0930485 
-0.00648766 0.763528 0.645742 -0.516934 
0.089809 0.643591 -0.760082 0.546262 
0 0 0 1 

