TRANSFORM
1
-0.672554 -0.570905 -0.470891 0.495298 
-0.739251 0.547809 0.391681 -0.26872 
0.0343457 0.611533 -0.790473 0.511599 
0 0 0 1 

TRANSFORM
1
-0.311592 -0.750901 -0.582286 0.565965 
-0.949836 0.263447 0.168541 -0.10337 
0.0268442 0.605593 -0.795322 0.516523 
0 0 0 1 

TRANSFORM
1
0.141322 0.83122 0.537681 -0.529255 
0.989831 -0.127533 -0.063004 0.0673733 
0.0162022 0.541118 -0.840791 0.560362 
0 0 0 1 

TRANSFORM
0
0.141322 0.83122 0.537681 -0.529255 
0.989831 -0.127533 -0.063004 0.0673733 
0.0162022 0.541118 -0.840791 0.560362 
0 0 0 1 

TRANSFORM
1
0.807932 -0.476318 -0.34694 0.37275 
-0.588845 -0.630079 -0.506223 0.371684 
0.0225236 0.613288 -0.789538 0.510055 
0 0 0 1 

TRANSFORM
1
0.97832 -0.182787 -0.0973563 0.190987 
-0.204071 -0.770785 -0.603527 0.433225 
0.0352763 0.61031 -0.791377 0.513216 
0 0 0 1 

TRANSFORM
1
0.977907 0.148251 0.147375 0.0140845 
0.207294 -0.77867 -0.592201 0.4162 
0.0269623 0.609668 -0.792198 0.512439 
0 0 0 1 

TRANSFORM
1
0.804342 0.455483 0.381537 -0.150827 
0.593317 -0.650059 -0.474762 0.324064 
0.0317753 0.608243 -0.793115 0.513387 
0 0 0 1 

TRANSFORM
1
0.487034 0.680571 0.547376 -0.263168 
0.872321 -0.409953 -0.266449 0.168847 
0.0430612 0.607257 -0.793338 0.513905 
0 0 0 1 

TRANSFORM
1
0.101801 0.792289 0.601594 -0.294436 
0.994305 -0.100203 -0.0362899 -0.00195115 
0.0315294 0.601862 -0.797977 0.515812 
0 0 0 1 

TRANSFORM
1
-0.321357 0.764688 0.558554 -0.253962 
0.945896 0.231275 0.227581 -0.190056 
0.0448486 0.601468 -0.797637 0.514979 
0 0 0 1 

TRANSFORM
1
-0.680311 0.609541 0.406984 -0.137117 
0.730205 0.515904 0.447933 -0.342666 
0.0630692 0.601916 -0.796065 0.511893 
0 0 0 1 

TRANSFORM
1
-0.922079 0.344375 0.176571 0.0341387 
0.380033 0.719537 0.581241 -0.430375 
0.0731159 0.603053 -0.794343 0.509326 
0 0 0 1 

TRANSFORM
1
-0.996837 0.0217403 -0.0764446 0.218627 
-0.0290691 0.795475 0.605289 -0.438541 
0.0739689 0.605597 -0.792326 0.50773 
0 0 0 1 

TRANSFORM
1
-0.898221 -0.316196 -0.305317 0.381461 
-0.436182 0.726963 0.53035 -0.374355 
0.0542598 0.609545 -0.790892 0.509474 
0 0 0 1 

